PetID,prob_class_0,prob_class_1,prob_class_2,prob_class_3,prob_class_4
23b64fe21,0.14698457981026952,0.20766661459248847,0.24185017123244906,0.23200335521841156,0.17149527914638152
6e09bfe1f,0.12421956005379085,0.14904232431970127,0.22214346998905757,0.20443645579674122,0.3001581898407091
48a44eac5,0.08218786050847834,0.23949929569562894,0.40790323015762087,0.1840859658473408,0.0863236477909311
ae219ff80,0.18064866060519916,0.2507930229791186,0.23520187805789267,0.17424118744145015,0.1591152509163394
e13c47053,0.03176034258595034,0.22393045518884466,0.13766577687286408,0.1466621562827974,0.4599812690695435
bcf657071,0.1093545596870782,0.12533214701986972,0.17951562503793397,0.32844689492764173,0.2573507733274764
7983db8d9,0.15326884541173658,0.16351690604594996,0.17738404099697005,0.17680162734034238,0.3290285802050011
bda06474b,0.11462270906372356,0.18966771185311757,0.13453050676140194,0.1615189443929989,0.39966012792875805
b898e8d6c,0.14501277040697083,0.2344226412140702,0.20298445134021473,0.21949992900088255,0.19808020803786158
b3faddf18,0.15945379506537488,0.17160893708004749,0.19354553155183216,0.16082878217417448,0.31456295412857105
511b245a5,0.12581753957149294,0.2597446856741042,0.2834278185800814,0.20766110264556736,0.12334885352875398
8cb067b2f,0.05865221088878397,0.30192150882798413,0.3054932370881383,0.2613793927187835,0.0725536504763102
1d0a5c20a,0.15718129377949547,0.25745439688726535,0.23277293339221233,0.215809408462335,0.1367819674786919
ecd574ddb,0.13909155805117449,0.18006877384221967,0.2662435083466214,0.2786732502406568,0.1359229095193275
8d39e0fa1,0.08645111500052931,0.19896186365914198,0.2048489397765036,0.17708332602206098,0.33265475554176416
86953ea0b,0.1197298624657612,0.35159866701598635,0.1387849523040414,0.1930293951235533,0.19685712309065773
99859bab7,0.11216021130238038,0.19446320582727777,0.21873472331131438,0.181181989960864,0.2934598695981635
6c4520bd5,0.042612906227331625,0.13734354472007837,0.12335933493050516,0.13360368345400397,0.5630805306680808
e53933782,0.057335686051857696,0.15112247969743536,0.18259849182705257,0.29737807526757853,0.31156526715607596
061378b30,0.03289271571899556,0.28086553644251716,0.3473729460701434,0.2577617212010184,0.08110708056732532
fe3e235e0,0.14494494078749803,0.34929883515369603,0.18181316855533744,0.11385483726075527,0.21008821824271315
4f512c3fe,0.057234174121464504,0.19831368254939552,0.23623364256095442,0.21936770983740217,0.28885079093078336
2625dcb50,0.046669678939472166,0.06170300565999873,0.12539668560806722,0.30940008000880115,0.4568305497836608
4ac37cc7d,0.16075651520375256,0.1417917020724559,0.14202367129451657,0.14569791681621902,0.409730194613056
41e069381,0.11370165770811967,0.16321098091489003,0.23963560016595511,0.24062610839523718,0.24282565281579802
12a55ba5e,0.16880255332335428,0.20863368402527316,0.2083547830496495,0.2066234840937885,0.2075854955079346
6967987d5,0.167562212619879,0.2447170818177164,0.2183222692179634,0.18978837067075943,0.17961006567368168
aabd8c0d6,0.17374260093267804,0.25293010198349014,0.14197913221282057,0.13274275816887607,0.2986054067021352
cec359a78,0.14867288993409214,0.1721072885375751,0.24269021645623778,0.2301091779576547,0.20642042711444017
a355a6873,0.11951554360268818,0.16393031104917064,0.1815856980880421,0.24974258360781929,0.28522586365227975
c251767cf,0.18394479614284578,0.27895413620464754,0.20142465364965925,0.18244672753382815,0.15322968646901924
c14530f38,0.12014429874907614,0.25838953722257496,0.20395739556137935,0.16665871669916332,0.2508500517678062
8969b314b,0.12570249758731697,0.23080080864633473,0.23159414280378854,0.24580106000246651,0.16610149096009322
1fd464902,0.1848106621062198,0.1660479961203913,0.18339208336628732,0.17853282160062248,0.2872164368064792
67f174628,0.13631222006749402,0.14501711832225542,0.18722082700520085,0.27082637269767534,0.2606234619073743
b3111f360,0.17612176174623095,0.24381335212833327,0.1942638435003771,0.21790669448651379,0.16789434813854492
05fb5b403,0.17285737975617033,0.17724333327580563,0.24872810021037645,0.19678934198817505,0.2043818447694727
f2755d8bf,0.06301144719799136,0.17700151147100865,0.24009038169652017,0.2590013303918943,0.26089532924258546
93692767b,0.15323339142970033,0.23191573775546714,0.22316468549740553,0.21440167902689097,0.17728450629053585
4d279eb58,0.1251648819454149,0.13647433186241525,0.14425601246197428,0.1677327866771507,0.42637198705304497
f3ac0a96b,0.08163992545633321,0.16979202096635485,0.19627481141400105,0.22816214053400627,0.32413110162930464
b879a154c,0.14885543752196095,0.31599979645631626,0.21780685688535265,0.1726990403763838,0.14463886875998636
8b0ea16a5,0.2044755492960918,0.26612946968296863,0.21142125910648424,0.16869484364325874,0.14927887827119662
c51c9e136,0.16200987789927648,0.2613108419635195,0.20500026267496754,0.1864617591097484,0.1852172583524881
f0ac9ee6f,0.19617522390811748,0.2539262092211426,0.22598019086725926,0.18675409011756042,0.13716428588592028
2ece6b26b,0.09000608321881676,0.3181849852697872,0.21576119389214007,0.15548100514567892,0.22056673247357694
74a9b9a9e,0.18583726814320148,0.22879326293687524,0.23032994923958555,0.18069956488372085,0.1743399547966168
24336f580,0.05137016332481632,0.1538162639709751,0.3336338612278279,0.22301173183990936,0.2381679796364714
eded59b25,0.019636759420199518,0.21526477589288828,0.4743963912595255,0.24257869565878953,0.04812337776859717
e58bc75d7,0.1304948837155462,0.26712574398983885,0.21088891337068347,0.1895154572743625,0.20197500164956905
90055a5f2,0.132497985523714,0.15961931416384023,0.17207449042309647,0.20011276958631136,0.335695440303038
c6df6932d,0.1281743608851992,0.20049153187186772,0.23648560745546865,0.30455472250660187,0.13029377728086258
bc695e9d0,0.12357365322543827,0.30137555738847793,0.24957645987187782,0.19911096364977662,0.12636336586442934
1398adca0,0.19576302954874902,0.1832672840374531,0.2293733613735339,0.16373465877217167,0.22786166626809243
229d33382,0.08817029823915165,0.21537254697556552,0.2473827475887506,0.2179998909950507,0.23107451620148156
b533529a6,0.017560641819611207,0.21599473260326385,0.35055935363525587,0.3715273356674199,0.04435793627444913
f5170bc70,0.11142232796904009,0.1610616442246091,0.20378032352945807,0.1839786524564238,0.33975705182046884
45d814813,0.021765390094445607,0.19832260919161787,0.34477040819731936,0.29590365360883025,0.13923793890778696
fff6f2f61,0.18476106549527346,0.21355762154403946,0.2209409096324679,0.19798523638283494,0.18275516694538427
8cfcbd9bb,0.23506827422646906,0.181550036796837,0.15922943566418135,0.1738685787059431,0.25028367460656953
615af86e9,0.1658293857092127,0.1541557914150846,0.20173352637254144,0.17494751072928058,0.3033337857738807
9f2e4a2e1,0.15096123477490556,0.19848125551242946,0.20712656725602854,0.16868890880321427,0.2747420336534222
c15b3c9f1,0.028728820797939654,0.32740381750133757,0.22651205568935662,0.31642390132798437,0.10093140468338185
01c7411ef,0.18470002685572148,0.2116627727866135,0.21964982416852732,0.2199241266691548,0.1640632495199829
beea1e1dd,0.03301635493010807,0.14618693987941148,0.2531121288704377,0.27286927586264426,0.29481530045739834
5f2c67ae2,0.1258004650509285,0.19215089314205705,0.2999202448411995,0.23020533098579876,0.15192306598001612
c18678ce5,0.1640733437985232,0.23611662600959749,0.21824948712959114,0.20194448893763486,0.17961605412465317
306c74aa9,0.15723285430890654,0.27653248775001316,0.2052822596076136,0.185729222442444,0.17522317589102265
725a5345e,0.12598243003742315,0.22161755705560177,0.24270752091373166,0.26578804227422176,0.1439044497190216
86ff8539d,0.11720272985210797,0.18475082725011677,0.3835580103479222,0.18235859148494382,0.13212984106490927
1fdf2880b,0.1405326730115211,0.1751550201669474,0.1654537986424514,0.1664529861959121,0.3524055219831679
ef15e6473,0.15579365290568886,0.18833153965146168,0.194292728128826,0.19553438707371937,0.26604769224030406
cab545282,0.02965832971629751,0.15609524508209432,0.30755799206022294,0.2264672229359281,0.28022121020545715
db24c8108,0.07657478685090574,0.16988800062077922,0.2391591730189656,0.32014126701986706,0.19423677248948237
33a373ca9,0.17149722105025295,0.17499402007308967,0.1773838730511941,0.18095683977956512,0.29516804604589814
1819e298c,0.18785984450149448,0.25748431139318134,0.22236644708678538,0.17834148650341536,0.15394791051512344
7b9cc47f0,0.13685074916567028,0.16612516614477146,0.2899735472496084,0.2572729471346236,0.14977759030532634
57785dbb8,0.046829476752858784,0.22797032623993785,0.2478068396383183,0.43454533618405355,0.04284802118483148
c3768e2be,0.13882303611332006,0.1781958655477251,0.2437653910473589,0.25053851117506154,0.1886771961165343
35c9855f5,0.05695290380187088,0.44269206137319494,0.22132801441230845,0.13917548271366129,0.13985153769896447
d2dbe8b09,0.11517001161203769,0.20362717354364562,0.23933793783609597,0.3025415537508226,0.13932332325739802
74b9e9fc0,0.22018195753200961,0.2257176139995789,0.16380654044959353,0.1569626192856381,0.2333312687331798
256f40704,0.05268037978500861,0.08230319679548802,0.12165248294811616,0.14508114297576133,0.5982827974956259
f5d514b10,0.04785013529941108,0.32089050375479944,0.31434334588446344,0.2509187896820333,0.06599722537929271
27e458086,0.06533808264374266,0.26346432167123995,0.2798632740525173,0.3174559558639226,0.0738783657685773
e976f3d3a,0.15930798829404746,0.20831817776432635,0.21336129576216029,0.19164787731817584,0.2273646608612901
8cce291a9,0.1445424460678554,0.13512842156347304,0.1907307443710888,0.15697153483019258,0.37262685316739014
cad1a9f54,0.15060894467685035,0.19721487842224378,0.23670760664056154,0.22243817129489996,0.1930303989654444
8913e5b27,0.033441412828334974,0.2023709960030655,0.42400661924127886,0.2664886064803886,0.07369236544693211
8d6c8d486,0.03765408632348259,0.34796056482083904,0.28670736493601107,0.2798544103084913,0.04782357361117602
eb77ec282,0.11778321633906974,0.2594419400276017,0.259845461343445,0.2187853978466797,0.14414398444320384
f29afd123,0.027864258264627392,0.19312531586338824,0.3801232792138434,0.29641626329476517,0.10247088336337573
71a614388,0.21566478836611389,0.15370649953698776,0.14476914359310705,0.14720673533214734,0.3386528331716441
0c1e8a6f2,0.1281778681297152,0.18536898291823312,0.17887467941089702,0.2005088470525099,0.3070696224886447
b091feb55,0.07446239867237277,0.39699510831322427,0.23205632402587376,0.16765052550543963,0.12883564348308968
3913a43f9,0.0400684492839133,0.3055959600678952,0.2839957533786932,0.30519455064790785,0.06514528662159041
fc4d1c61e,0.0670720050849895,0.1774003014546588,0.26832363272812015,0.18920919619335616,0.2979948645388753
4a4fb4974,0.14190822201313022,0.20167005239972957,0.23026945306661561,0.27488951928826005,0.15126275323226454
d120df077,0.08529951068146319,0.344846370876825,0.31387562526886625,0.19955794420460088,0.05642054896824469
e4ece4eca,0.033780889001220574,0.23396233707989608,0.31775309499764376,0.29252499162040135,0.12197868730083829
4ffa77f1c,0.16040179021796816,0.21137263371162857,0.16701305721319362,0.1612691573714523,0.2999433614857573
9466aa6bc,0.04614693564487423,0.17858196603451396,0.19223647800973342,0.19072423420773896,0.3923103861031394
2868f9f3f,0.1377254306786448,0.21540231182751138,0.21239012201123622,0.24796829607389798,0.18651383940870966
696e2d638,0.19625070657639251,0.2196389002855743,0.20331650164783477,0.17187564588254722,0.20891824560765102
156da1714,0.1501687452091407,0.25650000591494704,0.188376391622525,0.20153084480020134,0.2034240124531859
9bcd62ef1,0.16936616809240398,0.23525103762753194,0.17750418229816778,0.18492866501265934,0.23294994696923696
38d23c02f,0.04610021500505531,0.11407835389659927,0.2822208333871701,0.24464350440001437,0.31295709331116095
dc3ebf72a,0.1576037785638914,0.2234348411220143,0.23412345972934184,0.1966807247388032,0.18815719584594925
3be835fa8,0.1430169244372031,0.17958405652299209,0.2674216541626153,0.2692338684014205,0.14074349647576898
74b73209e,0.13897222134166648,0.14751843975202517,0.1773234815273564,0.22727100372699346,0.30891485365195853
e3b589e13,0.19505438747594017,0.1747822424690985,0.16642593086026589,0.17571456501752397,0.2880228741771715
fbcf2baea,0.09259197318986297,0.15278918628853422,0.16708003500041096,0.1769519184077184,0.4105868871134734
ca902248f,0.27603286065168336,0.19334327415059294,0.1686100557194277,0.15471321227539253,0.2073005972029034
7494b6aa9,0.06876292456022953,0.32104845011442484,0.35506017748740604,0.17414207352559585,0.08098637431234382
e1a2d9477,0.02619615438828157,0.1273583594113047,0.24812227337723936,0.4938160906681514,0.10450712215502296
ae0c5671e,0.15442228905430205,0.273860510051516,0.2176697275945536,0.1966083257712268,0.1574391475284015
78a1d23c2,0.1803323521962588,0.17662813769843375,0.16035100117224463,0.18589402088226972,0.2967944880507931
530aac28c,0.14979653595508932,0.1868996671845349,0.19528836947637276,0.1720154062709461,0.2960000211130568
837574272,0.09332537382476525,0.39619213210175974,0.16494916608143345,0.22917983066607883,0.11635349732596267
d7f1381ba,0.17602644361010397,0.20034332194715304,0.19963887136591738,0.2030397539268332,0.22095160914999257
6c736e9c1,0.22049753279627812,0.22055179040506206,0.21806693140805555,0.1926957934874564,0.14818795190314774
6b94af372,0.09705459782997923,0.3642587503717817,0.1635435958667734,0.19338502289150228,0.18175803303996332
8a01ffaa7,0.14251569940454256,0.1795036744980278,0.24131584246068197,0.18880229190723932,0.24786249172950844
813658b4b,0.029357147519847405,0.20499904471439825,0.3109384207958964,0.3473784714463144,0.10732691552354366
c4bcfbb1c,0.02230744531526372,0.1469515446029474,0.3001835708957459,0.45538407515233975,0.07517336403370332
43c8e589d,0.12624063629607588,0.18574557937210454,0.1806800790858203,0.1260037415657311,0.38132996368026817
32cda3189,0.12133914231548511,0.13151473366428348,0.16315079213470268,0.20278154591332695,0.38121378597220174
41e824cbe,0.17270991999766525,0.1497122982641908,0.18747379101191808,0.23694163317398598,0.2531623575522399
827ac9a9f,0.14965961154294058,0.21715427739471313,0.21578529220401868,0.2297077301037431,0.1876930887545845
7ecd54695,0.10472906251260633,0.15937945583581392,0.18761606533785904,0.16634154602147447,0.3819338702922462
a2c44393c,0.15233205536414732,0.2147674017629584,0.2429003748848239,0.18407822671976165,0.2059219412683088
a09008d49,0.1558501477177995,0.19527858269561393,0.18343189163507784,0.1943683082103704,0.2710710697411384
c467f8702,0.12443255429820937,0.16511881944415616,0.24116581932940553,0.270180845093939,0.19910196183428988
2ddad75c0,0.1491386245316151,0.21633558194239189,0.18788567063447448,0.19334352742852884,0.25329659546298977
fc2925be3,0.13536857574534564,0.21387521155366238,0.20531116074764005,0.19570838231743265,0.24973666963591923
06afa3c64,0.16174046411760404,0.16372959516821234,0.20870889578296473,0.24553650830353338,0.22028453662768563
f39938992,0.15678687923063134,0.22570406842804003,0.22217430043863884,0.20159189667634916,0.19374285522634066
35cf91e6e,0.04026622478089525,0.22998613837240575,0.3473100264463289,0.22058816740258178,0.16184944299778822
4f1a882b3,0.0785620753595229,0.20621252936351256,0.3524474512421902,0.12628025858208689,0.23649768545268754
3e2c46391,0.03616427637633066,0.30921934680834184,0.3393870907240622,0.16751425591909286,0.14771503017217247
09f75d8e1,0.13255032610570047,0.2040828113519108,0.25685234210501334,0.253670590343063,0.15284393009431235
50fc25dbe,0.14493845591217758,0.22453464425606895,0.22750287822380552,0.2387764562034807,0.1642475654044674
c160e581a,0.024278919238646827,0.2810713148903784,0.40208073333874234,0.19950045660473698,0.09306857592749544
1ccd49ce2,0.11558186137707632,0.13268361659314246,0.19774834839363903,0.2531059530898799,0.3008802205462623
5f64ee888,0.1549580067925922,0.17684241755995095,0.16705535567689375,0.1669433149309398,0.33420090503962324
b6fbfa344,0.060119178585635105,0.17533152310479266,0.18192741070978813,0.37372130988091046,0.2089005777188735
e5115cce8,0.13694010337763377,0.24759235131245663,0.23826024657077813,0.23072766985276688,0.14647962888636443
cc8518f88,0.10593585829151651,0.27013009747055194,0.3126621221915347,0.18738791261665463,0.12388400942974213
0ce866a04,0.14792816503949902,0.15492669885606544,0.1848406547574567,0.1949867884850117,0.31731769286196715
07cf7d230,0.13885052831649183,0.22911058231154885,0.23997648548798947,0.24668278607499655,0.14537961780897324
eb5eb875a,0.08917905525071626,0.23249120360023162,0.15526759314384256,0.2024968592770385,0.320565288728171
d1dd377ae,0.08826365731595329,0.3094202419640053,0.3412878077182522,0.17552693785770715,0.08550135514408198
6348b55cb,0.19435017293000006,0.184708257972521,0.19545946160044936,0.1870773557346877,0.23840475176234188
1f7863209,0.18948761684086385,0.2705166288091279,0.19367884186172069,0.20372754691850423,0.1425893655697833
27867018b,0.03292665100217484,0.20532363402066342,0.4172399997808594,0.2202884675672645,0.12422124762903786
8dd8e4a4f,0.12295265214721378,0.13429560826631673,0.2485301950997079,0.22241048108213385,0.2718110634046278
6fc2970d6,0.12771085851428013,0.18131882750760586,0.25877524641060534,0.2935316095814628,0.13866345798604587
15538a661,0.1426324933743391,0.18176378828418624,0.23334345453653474,0.21977684193297,0.2224834218719699
dde3750a1,0.1736047509435373,0.16639786303082052,0.15790757252930587,0.16050143241558898,0.3415883810807473
0af365e26,0.1444328554426246,0.1968341331332168,0.16909519843475154,0.19569811209721794,0.2939397008921892
1cbaa3e59,0.04072886336074531,0.08774737791081336,0.2314844694034532,0.31237951986046336,0.32765976946452474
f89f0e01d,0.13908609429597096,0.15388037303560986,0.2902327875475131,0.26692485009776795,0.14987589502313817
7cd898f38,0.10768874702621195,0.17918603726197546,0.27798678192843623,0.2708090038009754,0.16432942998240088
8f9010452,0.1801732709357245,0.23359636121040692,0.21423716377005025,0.2000250947647326,0.1719681093190858
89d8b797c,0.0730005279363927,0.1569438232416193,0.21044111946805374,0.16886738245969857,0.39074714689423573
fc43fbfe4,0.17671298894064197,0.23683079797801335,0.17867679778976792,0.21161085059440712,0.19616856469716965
3536e1efd,0.13258507117044055,0.18522945313468733,0.20776123814040567,0.25264308734967583,0.22178115020479064
1ed0c2a41,0.02929524641041694,0.2575263749252667,0.33368559941288467,0.26635262158826484,0.11314015766316692
9697ebf42,0.13093829365237825,0.3330694044988654,0.21813539368323515,0.16353415865884852,0.15432274950667257
f95eb4d75,0.19481175780830773,0.23194388114636014,0.23618392701640742,0.1604026368148634,0.17665779721406125
9403ac24d,0.1620676473733984,0.16233346386108474,0.2273791467451709,0.23956324367676382,0.20865649834358221
aebf47483,0.21066658611324054,0.24478406783086623,0.1768122208525566,0.1800678197639684,0.18766930543936822
548093fa9,0.1777552128348288,0.17369410890405637,0.1491792942204578,0.16776485312399478,0.3316065309166623
3c5e8cc5d,0.15617785954898733,0.19271629463019807,0.190124504785196,0.17486482212539384,0.2861165189102247
fea8ba32e,0.15651024727515842,0.16276904814550966,0.1756419031829869,0.2161150495602292,0.28896375183611583
7cfeafbb2,0.19671549546069386,0.2155989415635806,0.21600960191231755,0.17733389931888838,0.19434206174451962
7b7b7b71e,0.1286895263865809,0.20540382910499913,0.22297751607745817,0.1935624911991727,0.24936663723178915
29f2fd4c6,0.03712551577846168,0.2444757021408207,0.1920058116207702,0.1830993363898374,0.3432936340701101
72a7cb335,0.1712295724641306,0.21384763591799402,0.25409287969490374,0.20281980058135193,0.15801011134161957
1fce53107,0.1677185355806512,0.23055633453566152,0.20245077140684656,0.1659609776300126,0.23331338084682812
960f1a1d8,0.03154362781769106,0.17295889503536502,0.39430879995817725,0.34004738329070877,0.061141293898057975
795cb17ef,0.21003786749261644,0.1868135379106365,0.18481369563851677,0.24796404643158004,0.17037085252665016
5aefb7197,0.14736843716271933,0.18949161324462593,0.200594927694199,0.281670400757294,0.18087462114116168
47ee9c210,0.16720804671477693,0.2367499178207493,0.23129290733412233,0.19442059998016598,0.1703285281501853
6d4bdde4c,0.11560384720710362,0.19124043697971796,0.24047294774937286,0.268346538993161,0.18433622907064456
0ac279a25,0.055893606073733386,0.1757861309237201,0.22584214760651894,0.2116155905274322,0.33086252486859535
f247a5242,0.10687925845889393,0.12375370610106874,0.18249217467223106,0.263640054536453,0.3232348062313533
1a7ec71e7,0.16272999739559005,0.18996586931211745,0.2001015238912449,0.18505664697390173,0.2621459624271459
8bf918bff,0.12816720985293004,0.1941467632305537,0.1570165124408372,0.1496762138666011,0.37099330060907787
b16852e32,0.09215398743651161,0.3541997933787741,0.20141536090482168,0.19689955140352666,0.15533130687636584
d4af5cffc,0.139804165336355,0.14729302326390353,0.21652673677356257,0.3045040676698112,0.19187200695636766
8e3473e81,0.15819648705793746,0.2565813890546975,0.21023029887958486,0.21187132970115385,0.16312049530662623
1f2d73626,0.24334832236392567,0.21179915450359435,0.1982375411438468,0.17614103316685173,0.17047394882178143
fe4bb01a6,0.16026329599113925,0.21000681862196954,0.22726263188037574,0.1868531929678138,0.21561406053870166
db2d1ccaf,0.03181569992878137,0.1122090271159709,0.2908349332756727,0.5074753621622459,0.05766497751732911
8335d65e0,0.14432901124589956,0.2555025112505051,0.15297050458387862,0.21440110818103067,0.2327968647386862
81734dbc4,0.1770767105164301,0.259202430099388,0.22013987084398903,0.17913357320280326,0.1644474153373896
47008c34b,0.21349382189282476,0.1604297602842622,0.18620871529368,0.17359270336621463,0.2662749991630185
08d17d82a,0.06924591165719947,0.1831622413639404,0.18538955370337587,0.20154561339487548,0.3606566798806089
3cae1b9ae,0.10596143055392518,0.2685958115927702,0.2367425722517857,0.1623822145304474,0.22631797107107143
040a9a6f9,0.1720028439188838,0.24470984390434286,0.23010011094713537,0.16207296118620323,0.19111424004343477
bbc6d3812,0.16298248700356746,0.21514879975067078,0.2534810541964446,0.21230087014213223,0.15608678890718486
3afb76273,0.14091508416364235,0.15365713458041022,0.21706306807471137,0.22802611809878828,0.2603385950824477
b65f00ae4,0.1505346645508031,0.20599918217328556,0.21089330432537762,0.18155541386293256,0.2510174350876012
f096fcbc6,0.16089711326480358,0.19310895769529887,0.20623064998862328,0.19846498300415974,0.24129829604711459
ee4cb45ea,0.11901407340990042,0.2536643049412985,0.3013945067513755,0.18965720537496567,0.13626990952245988
921817343,0.11967274437930145,0.13465275200134524,0.2052308044612172,0.24714888132016424,0.29329481783797184
3639e2409,0.08246048056118135,0.35597577076989273,0.2624388025137215,0.18858067618033356,0.11054426997487087
918ae2c95,0.1122090672191934,0.18960236545368364,0.17004252407780113,0.21369588850303328,0.3144501547462886
dd365668d,0.1754743230927937,0.2218808687079437,0.16856381695676093,0.23706662641437995,0.19701436482812165
25c48e7ff,0.07978933432353821,0.21593742491565557,0.13395243070504234,0.17473264638537078,0.3955881636703931
edf6a5240,0.11599925350426071,0.219614475164663,0.1040061830392944,0.135927651800266,0.42445243649151587
0ea7eaf00,0.20525798989758834,0.2445442090122978,0.20859248095683214,0.21035330336243416,0.1312520167708475
31dbaafaa,0.13909236267609643,0.32805047435976004,0.19668931866154304,0.15526287499039523,0.18090496931220518
9744dcc69,0.0341754128983012,0.19882090462942562,0.432558690657799,0.23177064490846386,0.10267434690601034
9003318e5,0.04428641720283263,0.18011948249137633,0.38028530239850555,0.21352259712713617,0.18178620078014918
a8c19a325,0.11527346957484501,0.16377840287385295,0.20407227531732114,0.34388161108808496,0.17299424114589607
74e18bd5e,0.14300148196877657,0.2517675198791327,0.23261431397947888,0.22221158096117985,0.150405103211432
f0d5ff33a,0.11163969235685296,0.25435467327676103,0.267373960167897,0.2423442175932596,0.1242874566052294
68a603bc3,0.1414289162255766,0.22479576193710235,0.22916279511372448,0.22786151882560404,0.17675100789799247
96477b249,0.1245278504691193,0.12927899769088,0.13140061015571636,0.18981293481063438,0.42497960687365
3485ea1db,0.16283146767799922,0.22797508248757123,0.23210670000761272,0.1891612873944177,0.18792546243239908
43ff07bab,0.05063073623814678,0.060175194526479306,0.1571292021003823,0.2683718431764054,0.4636930239585862
d7c0647d0,0.03508822284962148,0.22700960471447673,0.3793317119131675,0.25576171447007073,0.10280874605266356
d4c9eaede,0.07660157006636174,0.20844831897768,0.31782568158384833,0.22653332663838405,0.17059110273372594
8f519310b,0.08776657457128716,0.1844776555837612,0.29699214299794624,0.12708957027725756,0.3036740565697479
9467b9867,0.13988007510134018,0.15580842870710584,0.21333430642891604,0.22084864591849174,0.27012854384414614
2fc753430,0.020460016610117072,0.28832877898467385,0.3485883324119167,0.29123459257142825,0.05138827942186398
e8e054802,0.15556918717831394,0.32830066623062626,0.2112721523658611,0.18565445797280286,0.11920353625239587
25f6db0fd,0.09481488542411715,0.1907512683198485,0.10570080900329114,0.17195130443339668,0.43678173281934646
e11e6cf89,0.11868322663183418,0.16358587451432255,0.2044374441872622,0.28514772419345463,0.22814573047312645
0955b54fd,0.1951277895421789,0.22210386239994176,0.2224024451789581,0.2026212066985602,0.15774469618036102
0db65104a,0.16072907381521437,0.26010887778820724,0.2448291386010605,0.18701985190216266,0.14731305789335514
f61cb2ecd,0.18268836274619538,0.221283513254905,0.22411912328335362,0.18455306656979367,0.18735593414575227
530b7bcec,0.04074344986255923,0.055812465368867394,0.1354336450801656,0.3490283012416486,0.41898213844675913
65dd20146,0.21252063897844317,0.27581764140543813,0.18796228521337405,0.18434022037536602,0.13935921402737858
c6c8c73e5,0.12001553000033015,0.2785341953033217,0.26763831845196007,0.2400414979241941,0.093770458320194
a47931d69,0.13915203064696816,0.28271341258854876,0.1949117292104708,0.20929030523761574,0.17393252231639647
d7dd71467,0.138767616055146,0.15136352489349775,0.15702186208386,0.2368394619793187,0.3160075349881776
867057e77,0.08714359403847095,0.09899714292210011,0.162275527985785,0.36027705267352667,0.29130668238011725
5e7db4c54,0.12735880810406533,0.2907969109879199,0.2938921724449448,0.1809620440176099,0.10699006444546011
0499e1ea8,0.17198149293305806,0.22119606023440266,0.18595010818229765,0.18581083535378837,0.23506150329645314
ee50b9066,0.07395676247773246,0.31516815377649454,0.27185957181574355,0.263053649575063,0.07596186235496637
9aa5ab22f,0.20424274901914158,0.19423132303556603,0.20139333918777708,0.20307980941492246,0.19705277934259283
bf537cdb3,0.029348228424949645,0.06675848340745101,0.19026482237987483,0.2127634011565451,0.5008650646311793
93b289505,0.17925197499549442,0.22632606845598208,0.15525481990738668,0.17203082933308847,0.2671363073080483
3d63dfd14,0.19974414795506637,0.19497571516151085,0.23384837690056906,0.18893104613901074,0.1825007138438429
47cda4c03,0.14071718394830815,0.31581637963195386,0.23430449918354387,0.19942537541038086,0.10973656182581323
6e60c80ab,0.20530870460030953,0.2197131524317164,0.2047974117986654,0.17759498707449928,0.19258574409480933
65afa2be4,0.1302183635801904,0.1607378179408613,0.19770761714375693,0.2496157231939166,0.2617204781412748
760c7d8ac,0.04816360754079601,0.11733369947761416,0.22800516500948279,0.26910040057218826,0.33739712739991873
1238ed024,0.07198738520014576,0.11324580215986943,0.26521674803143763,0.3265612921786823,0.22298877242986487
bbbeb3ab0,0.04096535924152211,0.3309445596293424,0.3303311007442445,0.2539937588442959,0.04376522154059509
30917edfa,0.1757610388329408,0.32764116923554093,0.17340691705784117,0.17225261785295806,0.15093825702071909
edd25890d,0.17444999048628004,0.2294982382505381,0.2130206877858377,0.18521573650970247,0.19781534696764186
7bda94ad0,0.1586176131541112,0.1594562076934949,0.22480037117879587,0.23284408481920793,0.22428172315439007
e67b88329,0.026814528464802558,0.07905688437211933,0.16698945809124113,0.30605330597068736,0.4210858231011496
22e4974f2,0.03770608343680745,0.21264773642437895,0.33639734854756254,0.34296729395944614,0.07028153763180504
bc8aedde4,0.034976671082142446,0.19577222352138618,0.23641728528645348,0.3255466292963039,0.20728719081371397
60bbc32b6,0.12392512497136746,0.15539011942856082,0.18470260543636413,0.24382601512295735,0.2921561350407503
87074d17f,0.08285623807504275,0.12100288517129006,0.16122233786794699,0.19966519435684893,0.4352533445288712
387a2639c,0.11801168670361295,0.12963520755570082,0.27874572603093606,0.20924948261241202,0.2643578970973381
3b15c42d3,0.07632029071391758,0.35069838414678933,0.2333643246100674,0.2240857625324707,0.1155312379967551
329058ec1,0.07643414525605415,0.1108287006695176,0.14294378340993308,0.1535572792532085,0.5162360914112867
89f229ee8,0.0684420235075193,0.14120632657347212,0.15312619591046023,0.23372706078146263,0.40349839322708575
1f4378ff6,0.05259520312877859,0.33953991720021703,0.22806595891732442,0.22424644175212777,0.1555524790015521
4ea31a03a,0.1421336379035913,0.14527039291746877,0.21355265451646624,0.25776105442494335,0.24128226023753044
09ffe1d02,0.14785358100235851,0.2753048134504185,0.15498179537045226,0.12214613906264499,0.29971367111412567
97f683e04,0.02312311038155504,0.48681254763234033,0.20021437479597035,0.1786094054768753,0.11124056171325902
7a0746a1f,0.20417622592336918,0.20640841058860576,0.19051966936645964,0.17188022433452943,0.22701546978703613
fa8cdf62e,0.1612578857700958,0.24094701058158227,0.23460608754997256,0.18673516523082356,0.1764538508675258
9cbae8539,0.13375133046454118,0.16101714936600553,0.1952624004355811,0.18176319696430265,0.3282059227695696
d867c4016,0.09652117852549788,0.18650749691840773,0.2040546302041346,0.20779800064236797,0.30511869370959177
9999c355f,0.1676362433369085,0.24441450935686973,0.2319475152178074,0.18617600455553607,0.16982572753287825
48899f983,0.20344764126234624,0.23559657699093664,0.18967376846230313,0.1960947518027403,0.1751872614816737
8a464e436,0.1399191656808528,0.19291499782615865,0.1635033209929602,0.19083719771592864,0.3128253177840997
0bdd7f7ac,0.20665471407474217,0.2334637285479322,0.19217303415288423,0.11415189234058981,0.25355663088385166
092b32197,0.11009399593420938,0.2434571772473939,0.18226256181549205,0.16256330829536217,0.30162295670754247
6d18707ee,0.12855762778887955,0.14395051534526698,0.23129003657920974,0.29266805122725686,0.20353376905938697
19f0ef706,0.11090649677123263,0.21804046803139993,0.2507828966556296,0.2793548256746843,0.14091531286705358
1314e3f92,0.15322500412667064,0.18751033672498363,0.17317321027606047,0.18474790230081056,0.30134354657147466
50af81612,0.12171446780729167,0.4279695073901152,0.2698380958993163,0.12870071626049834,0.051777212642778535
9468e2ed1,0.13555525939643134,0.3560837601145675,0.23591008808632882,0.23164676876679896,0.040804123635873324
c93c0faa3,0.13574499394241427,0.21856865018575186,0.2645561398756981,0.2322397434287785,0.1488904725673573
e62c62127,0.02269376676979159,0.2858580487730241,0.41434411981501446,0.18934853789634912,0.08775552674582061
168f1c6e9,0.07322659201499575,0.11016171533647519,0.24837629196695532,0.22361194685855343,0.34462345382302034
828ac8371,0.17475351608185807,0.2659024721468443,0.20620117673011512,0.1843811950373868,0.16876164000379568
e2aa20dbd,0.12825244442208122,0.18498287486201676,0.17865638437912415,0.18975397285445356,0.3183543234823243
5347d6835,0.10139335242293492,0.20314014328689506,0.1751128620194628,0.19425841755663908,0.3260952247140682
c2c03cb2d,0.16325445523539142,0.19264786218037,0.14348210550266885,0.1893961862811928,0.31121939080037697
a575d70f3,0.12128049766349049,0.24570599558548087,0.24680207263769563,0.14986295992122564,0.23634847419210742
e4da1c9e4,0.14275510481592452,0.13774214336833698,0.18730367756128477,0.21345238427286167,0.318746689981592
508df8433,0.16336386680163334,0.251368387345741,0.23153119634236388,0.1906650639631448,0.16307148554711684
0dc32d6fd,0.11577980978911641,0.13210940911771946,0.22335125057923824,0.2734566669750054,0.2553028635389205
c0ca6dd73,0.030013871964151697,0.18132241923352196,0.288300671112201,0.200315968582944,0.3000470691071814
fe65d17b1,0.08343088180023883,0.2297329577873727,0.21701610890869713,0.2168470953119978,0.2529729561916936
27b7a406b,0.2454329045806534,0.12949941529346107,0.14683879445976641,0.15887209975074923,0.3193567859153699
7c1a39de5,0.15150519426991763,0.24543345789173446,0.2098149675704037,0.18752405022819343,0.20572233003975063
6dac572be,0.11419987517012578,0.16333973789475967,0.2619663369630284,0.2422030423467633,0.21829100762532297
15a206d0d,0.14573480080952905,0.19419400325761502,0.193854282498458,0.1735535800779731,0.29266333335642475
28e14ee81,0.10394847390800926,0.26144096780945625,0.2612181284346009,0.1857407847740558,0.18765164507387783
cca1ec6df,0.1792355124108355,0.18717638420109842,0.2022087445874303,0.18013128078103366,0.2512480780196022
89bdd90b8,0.08770286326563297,0.2177337568002908,0.3321289050058216,0.2696334423387318,0.09280103258952273
59047a5a1,0.1236103086849822,0.26944676972461234,0.21899661388182945,0.20312513564520032,0.18482117206337567
5b7007847,0.15992810608155336,0.24392534806504068,0.23082462160229547,0.21356346505443502,0.1517584591966755
fc601e041,0.1173478798471383,0.15883923044148743,0.12957976248058786,0.17295767429476844,0.4212754529360179
23941ded4,0.11765588749136507,0.23425630556334254,0.20747742118942591,0.20692257438804246,0.23368781136782393
794806010,0.13858151532211738,0.18889703743505307,0.23814238243300573,0.23570162495501723,0.19867743985480651
8a15669da,0.09826123188219656,0.142519739260897,0.1478809059525884,0.19497795662967493,0.4163601662746432
9e25c09b2,0.052055545374065,0.05721707884600457,0.20813736826587165,0.2750891727889,0.4075008347251588
245d6e033,0.16499377753991679,0.2136688712622765,0.20470534765769166,0.17642853602889788,0.24020346751121724
5971694db,0.13536747338056476,0.200672315248917,0.23288436976336085,0.20465258012487308,0.22642326148228423
35b51bb28,0.0670880519017128,0.12657365964301945,0.16562893566358197,0.13391281991566342,0.5067965328760223
f819c7b65,0.048889782548480344,0.19592949333219375,0.23822817203027938,0.198387912220141,0.31856463986890554
056bb97e4,0.11960820478082071,0.293754433698514,0.27208175470553775,0.2214931707831672,0.09306243603196049
1b3dcf712,0.10179394972108669,0.11766385382396377,0.23669259838958004,0.29292892900571815,0.2509206690596513
80aca536a,0.15346976362651268,0.14375226113768586,0.19535047769554822,0.21840046283289058,0.2890270347073627
7b8fd895c,0.05660896433505285,0.11544215850614864,0.15329159454061161,0.09876191600302617,0.5758953666151607
d3832783a,0.1464509645967222,0.17457248844433407,0.21201645004348657,0.17504530197067603,0.2919147949447812
2f532707f,0.04544336918460239,0.2824333345165726,0.30306390853176307,0.2684336682294348,0.10062571953762714
37fadf608,0.11454149456336424,0.15786378783917573,0.1969831333225322,0.2433013298198513,0.2873102544550764
fad982f0a,0.15664835283704845,0.23586700240811873,0.23262179408330008,0.21914099317665686,0.15572185749487583
4dff83c9f,0.09095701271376914,0.2607140266452718,0.28616088793183325,0.24553607946463146,0.11663199324449434
04aa54436,0.1586695333334681,0.21186675368556093,0.2284355415125093,0.2634521123641496,0.13757605910431203
196195aee,0.07368539841056439,0.42558939650817096,0.2059598026192781,0.14879454532085626,0.14597085714113034
4f502df1a,0.16354864507199274,0.15975757887009195,0.16742628468518803,0.20059897205841987,0.30866851931430733
0a8bc19f6,0.16329390640292157,0.20071934270832484,0.19526779401135289,0.1908365645938888,0.24988239228351192
032aefa61,0.10540033542418316,0.25502619773689034,0.3353757731765832,0.2180549168078758,0.08614277685446758
dffc5cef6,0.11641245489250121,0.1845811848008289,0.28076916988900164,0.29040739588871345,0.12782979452895468
cc628c147,0.10513528191447045,0.1682123949472631,0.18937798096881556,0.2539007082099919,0.2833736339594591
c120a6f75,0.170045187871407,0.20685716239509117,0.1903824101144553,0.16874625749636077,0.2639689821226857
9593c0350,0.204832221040614,0.2625216731056726,0.19121540571319237,0.15551479830785112,0.18591590183266987
55cdf4eda,0.15912477545934514,0.15341265756341316,0.12817705036492788,0.15135903374029328,0.4079264828720206
232aee73d,0.14032099991371697,0.18297325629567002,0.21136893246543156,0.22385607735459292,0.2414807339705885
08438c720,0.1603752875435167,0.21057056228545093,0.211613211344513,0.1849889462819268,0.23245199254459237
6cf7d415b,0.03843718100503406,0.33149710427453893,0.38049584891421906,0.2003198362742476,0.049250029531960206
cf020a716,0.1450824282790612,0.14071172219338957,0.19415756822374133,0.2537495862064427,0.26629869509736515
74f16e441,0.1695053007590843,0.27736293993336414,0.2137024964412647,0.1759876088670794,0.16344165399920743
0f38033e1,0.21381061093356168,0.35283495700013545,0.2523544925447785,0.1240919622722405,0.05690797724928383
a07440416,0.1660153321411493,0.19230621582499177,0.20205416559290731,0.17043757484804636,0.2691867115929052
cc2881a97,0.06251844830149719,0.0856520552562187,0.17480054746201404,0.39639911066349304,0.2806298383167769
d5aedc48b,0.14132329608976943,0.23250877869837888,0.24990381297055245,0.23987349240673456,0.13639061983456466
a00eaa0fb,0.1490420209313413,0.2617682164011609,0.19741738259352892,0.2198980283888568,0.171874351685112
1104fe6bb,0.20591683243560086,0.20878006466417137,0.2002221266048154,0.15840606591971557,0.22667491037569698
74363ff2b,0.10951579011257001,0.2671616162573396,0.20552767524661927,0.18809698556709642,0.22969793281637468
a5a71bc27,0.23229136207071288,0.1421961060070254,0.1576744088761864,0.20318912472478587,0.2646489983212895
d5bf5adaa,0.17594589135653008,0.2488062145986392,0.18165040526456266,0.17456331668208236,0.21903417209818576
fc037ca46,0.15733589787299698,0.2708746760030841,0.21245404500282214,0.1578078296131441,0.2015275515079526
b0084b888,0.24355473880682366,0.20412675851116133,0.2169945226055132,0.2044083215195882,0.1309156585569137
4194f0f66,0.16049795672928333,0.19687467251725588,0.22155205504971592,0.18630709863362577,0.23476821707011894
07417927d,0.160785450213974,0.2501803502204503,0.2452409664457386,0.18604627451663625,0.15774695860320082
5dff24075,0.14919467706569314,0.22886473367153415,0.24375517435268373,0.22008394268271733,0.1581014722273717
74084fa99,0.15549634545572993,0.20708019075355932,0.1922556952263005,0.17079410192768057,0.27437366663672963
4b7262ad7,0.16482485893209264,0.13984960976673497,0.1995729956539741,0.1846414788286511,0.3111110568185471
f680cd37a,0.15267741865974466,0.29764978538470827,0.21235690139630356,0.1960504661461909,0.14126542841305273
68936da8c,0.12564699614588581,0.1446311933506573,0.2032078458561492,0.241978279271339,0.28453568537596874
caa967274,0.11533519260907284,0.2973753834619838,0.18958056487066394,0.17445535855566818,0.22325350050261114
a05e81f9f,0.1640642251953602,0.16596199466896763,0.1756633658169471,0.1781784680534987,0.3161319462652264
8396c07c5,0.10391172845685932,0.2613034501160642,0.19296991962862056,0.17373440670292384,0.26808049509553206
79e0ef004,0.19437302988783234,0.2057978097971072,0.18735111352054887,0.17716696826034484,0.23531107853416686
7a12a494f,0.07142361039453325,0.1398275810270426,0.3266546845757322,0.23984093652939398,0.22225318747329798
7bbdce003,0.14561378038826558,0.3462156877909818,0.3186277853695839,0.1378704105595663,0.05167233589160257
0a7798d2b,0.15319463659041999,0.20712141584542126,0.2418039010375795,0.2700296233031374,0.1278504232234418
5aeba57be,0.19410736516034624,0.19825605663928747,0.21059258580566909,0.1794443605290466,0.2175996318656505
0306e85dd,0.039155020305895065,0.0658299060333039,0.19109975608701474,0.23164143297991838,0.4722738845938678
